0.31409 1.45452
0.307065 1.44731
0.29285 1.44692
0.293204 1.4327
0.286369 1.42531
0.279598 1.41786
0.272892 1.41035
0.266252 1.40279
0.259677 1.39516
0.253169 1.38748
0.246728 1.37975
0.232587 1.37825
0.234049 1.36411
0.219935 1.36237
0.213713 1.35434
0.215543 1.34024
0.209513 1.33218
0.203554 1.32407
0.197665 1.3159
0.183661 1.31343
0.16963 1.31076
0.163857 1.30231
0.158159 1.2938
0.152534 1.28524
0.138557 1.28202
0.133035 1.27329
0.11907 1.26975
0.113656 1.26086
0.0997098 1.257
0.10306 1.24292
0.0891827 1.23883
0.0840378 1.22967
0.0789726 1.22047
0.0651656 1.21594
0.0602203 1.20658
0.0553564 1.19718
0.0505743 1.18773
0.0368944 1.18264
0.0322391 1.17304
0.0186124 1.16763
0.0140881 1.15787
0.00964861 1.14807
-0.00386792 1.14223
-0.0173677 1.1362
-0.021618 1.12613
-0.0257806 1.11602
-0.0391512 1.10955
-0.0431693 1.09929
-0.0564567 1.09252
-0.0603263 1.08211
-0.0735237 1.07502
-0.0772408 1.06446
-0.0903413 1.05707
-0.103405 1.04948
-0.106899 1.03866
-0.119854 1.03076
-0.123186 1.0198
-0.136027 1.01159
-0.14882 1.00319
-0.151911 0.991982
-0.164578 0.983277
-0.167496 0.97193
-0.170315 0.960558
-0.182772 0.951442
-0.195168 0.942134
-0.197728 0.930523
-0.209979 0.920916
-0.222164 0.911118
-0.234279 0.901129
-0.256165 0.89272
-0.258294 0.880582
-0.270188 0.870024
-0.291888 0.860791
-0.303636 0.849771
-0.315299 0.838564
-0.316955 0.825914
-0.328433 0.81442
-0.33982 0.80274
-0.361065 0.791872
-0.372272 0.779738
-0.383382 0.76742
-0.394391 0.754919
-0.405297 0.742237
-0.416097 0.729374
-0.426791 0.716331
-0.437374 0.703109
-0.447845 0.689709
-0.458202 0.676132
-0.478441 0.662509
-0.488563 0.648494
-0.508563 0.634262
-0.518438 0.619813
-0.538183 0.604975
-0.547799 0.590096
-0.557282 0.575048
-0.566631 0.559832
-0.585827 0.543884
-0.684704 0.522394
-0.763384 0.500655
-0.811921 0.480012
-0.830364 0.461246
-0.848626 0.442149
-0.866705 0.42272
-0.894525 0.401795
-0.922132 0.38037
-0.929698 0.361131
-0.956881 0.338886
-0.983831 0.316149
-1.01054 0.292922
-1.02715 0.270891
-1.06322 0.245007
-1.07935 0.222179
-1.09525 0.199042
-1.1305 0.171546
-1.15566 0.145517
-1.19029 0.116821
-1.21486 0.0897665
-1.24885 0.0598828
-1.2825 0.0293682
-1.31579 -0.00177334
-1.32942 -0.0283059
-1.29463 -0.0416241
-1.28861 -0.0627392
-1.27283 -0.0809348
-1.26647 -0.101859
-1.27899 -0.128792
-1.32923 -0.168458
-1.37895 -0.209052
-1.41871 -0.24729
-1.44858 -0.282919
-1.4874 -0.322575
-1.54445 -0.370022
-1.57288 -0.407714
-1.63804 -0.460718
-1.68395 -0.507398
-1.73849 -0.558802
-1.78314 -0.607311
-1.83633 -0.660689
-1.89794 -0.719169
-1.95875 -0.778814
-2.01874 -0.839614
-2.08693 -0.905881
-2.17216 -0.982242
-2.27418 -1.06915
-2.35713 -1.14884
-2.43895 -1.23009
-2.53726 -1.32231
-2.62544 -1.41159
-2.72109 -1.5074
-2.83274 -1.6149
-7.55486 -4.39616
-7.47637 -4.45109
-7.43186 -4.52569
-7.36113 -4.58419
-7.30699 -4.65247
-7.22702 -4.70405
-7.18031 -4.77648
-7.09965 -4.82638
-7.05189 -4.89769
-6.9788 -4.95157
-6.92996 -5.02183
-6.8561 -5.07422
-6.81428 -5.14929
-6.7316 -5.1943
-6.68864 -5.26843
-6.6212 -5.32397
-6.57701 -5.39727
-6.50085 -5.44534
-6.44774 -5.51143
-6.38634 -5.5707
-6.33215 -5.63579
-6.26979 -5.69391
-6.22207 -5.76456
-6.14374 -5.80833
-6.09492 -5.878
-6.04544 -5.94732
-6.03918 -6.05719
-5.99528 -6.13302
-5.96499 -6.22249
-5.87663 -6.25586
-5.84479 -6.34479
-5.77689 -6.39803
-5.72249 -6.46499
-5.6399 -6.50254
-5.56401 -6.54649
-5.47435 -6.57493
-4.11294 -5.19075
-3.45229 -4.54729
-3.01327 -4.13429
-2.6013 -3.73689
-2.22872 -3.37103
-1.93281 -3.0839
-1.66735 -2.82303
-1.46274 -2.62825
-1.24941 -2.41445
-1.08265 -2.25271
-0.936965 -2.11227
-0.805803 -1.9856
-0.682889 -1.86495
-0.579666 -1.76678
-0.489778 -1.6834
-0.401472 -1.59864
-0.275561 -1.45454
-0.229675 -1.4251
-0.189865 -1.4034
-0.096705 -1.29689
-0.0320487 -1.2313
0.00519186 -1.20733
0.0625743 -1.1486
0.129024 -1.07181
0.168992 -1.03726
0.218158 -0.984766
0.24689 -0.966501
0.289591 -0.92152
0.336151 -0.867101
0.36317 -0.847446
0.385231 -0.836339
0.42943 -0.780256
0.446194 -0.777402
0.484466 -0.729275
0.504873 -0.716815
0.520849 -0.713197
0.56123 -0.654641
0.584519 -0.63214
0.607372 -0.609335
-2.24382 -7.48139
0.647994 -0.572098
0.665916 -0.557743
-2.06367 -7.65071
0.71147 -0.500306
0.738609 -0.457051
0.751518 -0.451087
0.754455 -0.473324
0.770538 -0.45769
-1.69627 -8.01534
-1.63923 -8.09682
0.816973 -0.409642
0.83184 -0.393257
-1.43865 -8.26229
-1.37748 -8.34212
-1.31773 -8.43121
-1.25157 -8.50058
0.894152 -0.337843
0.905024 -0.330235
-1.05152 -8.7253
-0.974541 -8.76349
-0.903393 -8.83037
-0.825168 -8.86734
0.959037 -0.280715
0.970756 -0.26261
0.983917 -0.234531
0.993209 -0.226008
-0.466792 -9.2892
-0.388115 -9.35221
0.0825481 -6.70264
0.147663 -6.70164
1.02721 -0.261383
-0.0730762 -9.67735
1.05264 -0.173758
1.06072 -0.164548
0.172298 -9.96439
0.259434 -10.0322
0.357992 -9.95967
0.457176 -9.8563
0.554507 -9.75202
0.64902 -9.66682
1.10745 -0.227915
0.832864 -9.51389
1.12537 -0.0984045
1.13179 -0.0985159
1.13799 -0.148571
1.14459 -0.0885718
1.26743 -9.03776
1.35012 -8.97631
1.43145 -8.90417
1.51116 -8.82136
1.59088 -8.76785
1.66857 -8.69371
1.74501 -8.61893
1.81946 -8.53356
1.1966 -0.0263029
1.20239 -0.0257989
1.20818 -0.0252447
1.21288 -0.014699
2.18058 -8.18764
1.85429 -4.99367
2.31623 -8.03944
2.38724 -7.99923
2.45461 -7.93867
2.51624 -7.84798
2.58312 -7.7963
2.6439 -7.71457
2.70709 -7.65209
2.77706 -7.62838
1.26902 0.0244777
2.89713 -7.49122
1.27751 0.0365413
1.28047 0.0474819
3.07516 -7.30673
1.28831 0.0596804
3.19509 -7.20425
3.23694 -7.08961
3.82231 -8.91984
3.17041 -6.36053
3.41455 -6.9558
4.03196 -8.7226
4.09795 -8.64951
3.58352 -6.80853
3.63529 -6.74915
4.29946 -8.45603
3.75646 -6.68592
3.79241 -6.58784
1.34935 0.0892744
3.90667 -6.51276
1.35153 0.111558
1.35989 0.104138
4.75748 -8.03522
1.36918 0.10801
4.15831 -6.2578
4.94127 -7.84687
4.26094 -6.16804
5.06256 -7.72532
4.35272 -6.05876
5.17638 -7.59314
5.23873 -7.53993
4.49417 -5.91058
5.35695 -7.42328
4.59325 -5.82493
4.63488 -5.76839
5.53629 -7.25837
4.73573 -5.6894
5.64768 -7.13764
5.71502 -7.09824
4.86835 -5.5423
1.42941 0.172844
4.95918 -5.45126
1.43211 0.18634
1.43059 0.19726
5.10544 -5.33315
1.43826 0.202346
5.19719 -5.24698
6.21882 -6.59499
4.93247 -4.66314
6.33188 -6.48961
6.38761 -6.43626
5.40663 -5.00963
6.49138 -6.32035
5.50407 -4.93475
6.60518 -6.21863
5.5876 -4.84266
5.62866 -4.79615
6.76904 -6.05876
5.72236 -4.71745
6.87792 -5.95253
6.9283 -5.89501
6.98481 -5.84454
1.49958 0.250751
5.94368 -4.50638
1.49942 0.264278
1.50963 0.260207
1.4989 0.277681
1.50205 0.280797
1 0.5
1.14142 0.641421
