0.0100669 -1.15996
0.020133 -1.15983
0.0304579 -1.1696
0.0402598 -1.1593
0.0503191 -1.15891
0.0603746 -1.15843
0.0704255 -1.15786
0.0804712 -1.15721
0.0905107 -1.15646
0.100544 -1.15563
0.110569 -1.15472
0.121625 -1.16366
0.130593 -1.15263
0.141803 -1.16137
0.151877 -1.1601
0.160555 -1.14884
0.170519 -1.1474
0.18047 -1.14588
0.190407 -1.14427
0.202057 -1.15242
0.213863 -1.16046
0.223926 -1.15856
0.233972 -1.15657
0.244 -1.1545
0.256163 -1.1621
0.266238 -1.15984
0.278615 -1.16721
0.288734 -1.16475
0.301322 -1.17188
0.308906 -1.15956
0.321615 -1.16647
0.331726 -1.16364
0.341812 -1.16072
0.35478 -1.16727
0.364897 -1.16415
0.374986 -1.16094
0.385047 -1.15764
0.398317 -1.16372
0.408402 -1.16022
0.421857 -1.16603
0.43196 -1.16233
0.442031 -1.15854
0.455714 -1.16397
0.469525 -1.16925
0.479654 -1.16513
0.489748 -1.16093
0.503771 -1.16581
0.513869 -1.1614
0.528054 -1.166
0.538153 -1.16137
0.552495 -1.1657
0.56259 -1.16086
0.577082 -1.16489
0.591687 -1.16876
0.601807 -1.16358
0.616553 -1.16716
0.626659 -1.16177
0.641541 -1.16504
0.656527 -1.16815
0.66664 -1.16241
0.681753 -1.16521
0.691839 -1.15925
0.701874 -1.1532
0.717128 -1.15556
0.732476 -1.15775
0.742496 -1.15135
0.757952 -1.15322
0.773496 -1.1549
0.789126 -1.15641
0.810548 -1.16594
0.820636 -1.15886
0.836512 -1.15981
0.858385 -1.16862
0.874484 -1.16914
0.890656 -1.16946
0.900772 -1.16168
0.917015 -1.16167
0.933326 -1.16147
0.956033 -1.1688
0.972539 -1.16815
0.989104 -1.16729
1.00573 -1.16624
1.02241 -1.16498
1.03914 -1.16352
1.05592 -1.16186
1.07276 -1.16
1.08964 -1.15793
1.10656 -1.15565
1.1305 -1.16033
1.14757 -1.15757
1.17178 -1.16165
1.18898 -1.15842
1.21343 -1.16189
1.23075 -1.15817
1.2481 -1.15423
1.26547 -1.15008
1.29032 -1.15238
1.37543 -1.2071
1.44644 -1.24736
1.49536 -1.26709
1.52167 -1.26686
1.54808 -1.26627
1.5746 -1.26531
1.60907 -1.27019
1.64374 -1.27456
1.6627 -1.26631
1.69765 -1.2698
1.73278 -1.27278
1.76809 -1.27524
1.79542 -1.27141
1.83923 -1.27861
1.86677 -1.27387
1.89438 -1.26876
1.93874 -1.27424
1.97494 -1.27362
2.01972 -1.27782
2.05622 -1.27607
2.10139 -1.27897
2.14676 -1.28118
2.19232 -1.28271
2.22072 -1.27358
2.20553 -1.23956
2.21621 -1.22038
2.21792 -1.19635
2.22821 -1.17706
2.25611 -1.16686
2.31968 -1.17434
2.38355 -1.1808
2.4387 -1.18188
2.48501 -1.1778
2.54051 -1.17721
2.61439 -1.184
2.66115 -1.17745
2.7447 -1.18604
2.81018 -1.1855
2.88509 -1.18772
2.95097 -1.18499
3.02632 -1.18486
3.11123 -1.18707
3.19641 -1.18789
3.28182 -1.18732
3.3769 -1.18868
3.49116 -1.19495
3.62475 -1.20564
3.73975 -1.20795
3.85506 -1.20835
3.98978 -1.21265
4.11527 -1.21188
4.25065 -1.21176
4.40561 -1.2147
9.71131 -2.58709
9.69465 -2.49275
9.71592 -2.40852
9.70728 -2.31715
9.71727 -2.23058
9.6972 -2.13756
9.71539 -2.05332
9.69364 -1.961
9.71029 -1.8768
9.69671 -1.78703
9.71185 -1.70281
9.69667 -1.61354
9.72019 -1.53088
9.69354 -1.44059
9.71558 -1.35779
9.70717 -1.27083
9.72776 -1.18775
9.70789 -1.09991
9.71707 -1.01562
9.71556 -0.930302
9.72327 -0.845952
9.72028 -0.760758
9.73649 -0.677068
9.71205 -0.590725
9.7268 -0.506938
9.74082 -0.422941
9.81408 -0.34082
9.83667 -0.256158
9.87851 -0.171477
9.83963 -0.0853947
9.88 -1.99156e-14
9.86963 0.0856551
9.87851 0.171477
9.84666 0.256419
9.82408 0.341167
9.78078 0.424676
7.83936 0.408569
6.91722 0.420732
6.31475 0.439123
5.74244 0.449433
5.22028 0.454179
4.80801 0.460385
4.43584 0.463631
4.15343 0.470586
3.8514 0.470254
3.61912 0.473803
3.41679 0.477512
3.23448 0.480686
3.06225 0.482289
2.91985 0.485866
2.79733 0.490464
2.67495 0.492973
2.48403 0.480112
2.43076 0.491737
2.38727 0.504543
2.24608 0.495104
2.15398 0.494442
2.1107 0.503829
2.0286 0.502879
1.92731 0.495562
1.87462 0.499398
1.80273 0.497042
1.7695 0.504443
1.7075 0.502831
1.6361 0.497274
1.60309 0.502481
1.57964 0.510227
1.50873 0.501824
1.49486 0.51166
1.43377 0.504691
1.41053 0.510311
1.39667 0.519049
1.32671 0.506197
1.29433 0.506754
1.26205 0.506789
8.13743 3.34997
1.20699 0.509182
1.18417 0.511704
8.12977 3.59708
1.11134 0.503302
1.06157 0.491906
1.04822 0.496817
1.06187 0.514617
1.03944 0.514935
8.12781 4.11471
8.14509 4.21265
0.972633 0.513795
0.950535 0.512721
8.12026 4.4715
8.13345 4.57119
8.1542 4.67643
8.15647 4.77227
0.86729 0.517598
0.854223 0.519906
8.17391 5.07263
8.14649 5.15406
8.14347 5.25167
8.1143 5.33312
0.781014 0.523084
0.759925 0.518569
0.730764 0.50802
0.718167 0.508563
8.15919 5.88483
8.14811 5.98502
5.94177 4.4443
5.89502 4.48964
0.719138 0.557621
8.15525 6.4377
0.639196 0.513643
0.626974 0.512839
8.18472 6.81417
8.17105 6.92373
8.05007 6.94214
7.90685 6.93918
7.76428 6.93426
7.63721 6.94085
0.638732 0.590695
7.39907 6.96271
0.534488 0.511784
0.530026 0.516403
0.561033 0.556185
0.513943 0.518423
6.75511 6.93331
6.65319 6.94834
6.54467 6.95484
6.42975 6.95264
6.33554 6.97117
6.22818 6.97368
6.12125 6.97486
6.00825 6.96714
0.433137 0.511167
0.428685 0.514907
0.4242 0.518608
0.41342 0.514475
5.50829 6.97788
3.48053 4.48868
5.30758 6.96901
5.22894 6.99079
5.13847 6.99561
5.03077 6.97505
4.94693 6.9858
4.84616 6.971
4.7573 6.97149
4.69106 7.0042
0.346021 0.526469
4.50917 6.99212
0.331485 0.523944
0.321653 0.518304
4.25283 6.98755
0.307484 0.515222
4.09557 6.99989
3.98492 6.94842
4.86516 8.65651
3.51642 6.38584
3.7647 6.97939
4.57744 8.66528
4.4791 8.66026
3.54109 6.99473
3.46249 6.98936
4.1998 8.66594
3.3321 7.03033
3.23733 6.98639
0.2434 0.537454
3.10345 7.01409
0.226102 0.523238
0.225439 0.534394
3.57837 8.69225
0.216131 0.538226
2.74522 7.01175
3.31523 8.68903
2.60918 7.02085
3.14352 8.68884
2.46701 7.00848
2.96957 8.67586
2.88785 8.68233
2.26221 7.00371
2.72177 8.68343
2.13159 7.01322
2.06217 7.00267
2.47835 8.69364
1.93501 7.01813
2.31422 8.68703
2.23874 8.70679
1.73722 7.00789
0.127699 0.53497
1.60861 7.00774
0.116242 0.52734
0.109593 0.518545
1.42168 7.02764
0.100577 0.520369
1.29587 7.03159
1.52665 8.70718
1.07022 6.43157
1.37219 8.71261
1.29506 8.71429
0.979937 7.01186
1.13972 8.70571
0.858091 7.02781
0.987331 8.71425
0.733909 7.02175
0.671991 7.0179
0.75841 8.71707
0.550087 7.02851
0.606309 8.71894
0.530013 8.7139
0.454371 8.71817
0.0229906 0.529501
0.244336 7.03576
0.0135368 0.519824
0.00919868 0.52992
0.00442595 0.509981
9.15399e-10 0.51
